50
3 2 0 0 2
8 9 5 8 6
2 5 0 1 2
2 3 0 2 7
4 3 3 1 1
6 6 5 4 8
9 6 5 2 4
4 3 1 0 3
5 2 2 1 6
4 9 3 7 2
64 30 37 25 89
41 43 11 29 87
48 69 9 61 65
41 19 14 4 58
27 62 9 41 31
46 15 7 8 11
29 27 14 18 44
72 59 13 38 35
27 80 12 36 58
60 40 27 16 88
78 64 74 0 965024755
34 95 19 61 810113220
22 92 12 2 988058350
34 30 28 24 986283502
57 81 36 33 842677047
53 64 11 46 936093980
98 12 54 0 941753161
32 34 18 27 916649847
66 69 11 4 867592877
62 43 16 21 807803937
10120 11101 2900 5888 11255
19659 14370 4238 1197 10024
12120 17487 11937 10501 9367
11538 12420 4792 9356 10885
14203 16154 4966 12779 10593
17342 12389 6884 4081 9213
19875 16785 5689 13680 7592
12570 15794 11902 4693 9733
14338 19181 2986 8596 9250
18940 10605 5150 7926 11193
722268556 229223851 486803236 49345522 828984796
574370293 649946715 177686599 372486449 943847028
179339398 430709754 111838629 233449557 876742241
938194405 563727987 753154387 402289745 835445048
183063473 212036409 15567109 164750045 816699125
429772832 372798985 53717586 127933854 859368633
406550276 850202410 168941657 190002156 928771783
570093633 317293621 91047585 210052714 889673500
727598231 728376569 417703144 26668396 875761986
202158199 964862801 130857177 790449785 947124872
